01011100010000100111011001000000
01011100010001000000011011000010
00000100010001000111011011001000
10010100010001000000011011001000
01011100010001000000011010001001
01011001010000111000011010000110
01110010010001000000011010001000
01011010010001000000011010001001
01011010010000100111011001000000
01011100010000101111011001001010
01011100010001000000011011001100
00000100010001000111011011010010
10010100010001000000011011010010
01011100010001000000011010010011
01011001010000111000011010010000
01110010010001000000011010010010
01011010010001000000011010010011
01011010010000101111011001000000
00000010101011000111011001000000
00001010101011000111011001000000
00010010101011000111011001000000
00011010101011000111011001000000
00100010101011000111011001000000
00101010101011000111011001000000
00110010101011000111011001000000
00111010101011000111011001000000
01000010101011000111011001000000
01001010101011000111011001000000
01010010101011000111011001000000
01011010101011000111011001000000
01100010101011000111011001000000
01101010101011000111011001000000
01110010101011000111011001000000
01111010101011000111011001000000
10000010101011000111011001000000
10001010101011000111011001000000
10010010101011000111011001000000
01011011010001000111011011101010
01011011010001000001011011101001
00000100010001000110111010101010
00000100010001000111011011000000
