01011000010000100111011001000000
01011000010001000000011011000010
10100000010000000111011011001000
10101000010000000000011011001000
01011000010001000000011010001001
01011001010000111000011010000110
01011100010001000111011011000000
10000010010001000000011010001000
01011010010001000000011010001001
01011010010000100111011001000000
01011000110000101111011001000000
01011000110001000000011011001100
10100000110000000111011011010010
10101000110000000000011011010010
01011000110001000000011010010011
01011001010000111000011010010000
10000010010001000000011010010010
01011100010001000111011011000000
01011010010001000000011010010011
01011010010000101111010001000000
10000010101010101111011001000000
10001010101010101111011001000000
10010011001000101111011001000000
10011011001000101111011001000000
00000010101010101111011001000000
00001010101010101111011001000000
00010010101010101111011001000000
10010011001000101111011001000000
10100011010000101111011001000000
10101011010000101111011001000000
01101100010000101111011001000000
00011011010000101111011001000000
00100011010000101111011001000000
00101011010000101111011001000000
00110011010000101111011001000000
00111011010000101111011001000000
01000011010000101111011001000000
01001011010000101111011001000000
01010011010000101111011001000000
01011011010000001111011011101010
01011011010001000001011011101001
00000100010001000110111010101010
00000100010001000111011111000000
